Ordem: 3
 2.500000e+01  5.000000e+00  1.000000e+00 
 6.400000e+01  8.000000e+00  1.000000e+00 
 1.440000e+02  1.200000e+01  1.000000e+00 
#
 4.761905e-02 -8.333333e-02  3.571429e-02 
-9.523810e-01  1.416667e+00 -4.642857e-01 
 4.571429e+00 -5.000000e+00  1.428571e+00 
###############
# Tempo Triangularização: 2.3439941406250000 ms
# Tempo de cálculo do x : 0.2292480468750000 ms
# Tempo de cálculo do y : 0.2209472656250000 ms
# Valores das 3 normas L2 dos resíduos:
0.0000000000000009 0.0000000000000027 0.0000000000000002 

Ordem: 5
 4.814454e+02  2.702770e+01  5.257203e+00  1.682721e+00  1.364933e+01 
 2.336107e+01  7.054772e+02  1.213167e+01  5.736001e+00  1.409851e+01 
 1.118456e+01  2.932786e+01  5.682916e+02  1.348893e+01  2.252190e+01 
 1.223150e+01  1.050283e+00  3.457890e+00  5.356379e+02  1.656885e+01 
 1.658388e+01  4.055724e+00  2.002431e+01  6.086657e+00  8.652282e+02 
#
 2.082485e-03 -7.891263e-05 -1.645640e-05 -4.929950e-06 -3.104344e-05 
-6.721610e-05  1.421399e-03 -2.889345e-05 -1.404305e-05 -2.107968e-05 
-3.490003e-05 -7.165301e-05  1.763302e-03 -4.303548e-05 -4.335654e-05 
-4.600730e-05 -4.145968e-07 -9.704538e-06  1.867721e-03 -3.478113e-05 
-3.846868e-05 -3.489019e-06 -4.028965e-05 -1.198263e-05  1.157706e-03 
###############
# Tempo Triangularização: 0.0080566406250000 ms
# Tempo de cálculo do x : 0.1395019531250000 ms
# Tempo de cálculo do y : 0.1345214843750000 ms
# Valores das 5 normas L2 dos resíduos:
0.0000000000000000 0.0000000000000002 0.0000000000000002 0.0000000000000001 0.0000000000000002 

Ordem: 15
 4.226985e+03  2.354837e+01  1.346802e+01  8.466720e+00  1.407027e+01  2.569952e+01  9.517002e+00  1.752816e+01  2.331234e+01  2.608586e+01  2.112038e+00  2.736806e+01  1.411017e+01  8.198695e+00  1.505229e+01 
 1.429390e+01  3.459142e+03  2.260012e+01  5.514392e+00  4.221368e+00  1.446636e+01  1.319892e+01  2.623360e+01  1.158980e+01  2.256617e+01  2.989517e+01  7.430588e-02  2.623650e+01  1.368841e+01  2.629482e+01 
 1.200533e+01  8.666202e+00  4.847668e+03  2.547336e+01  1.713292e+01  3.191345e+01  1.917288e+01  2.664992e+01  1.744161e+01  1.048521e+01  2.073578e+01  1.955365e+01  5.853276e+00  2.845946e+00  2.775234e+01 
 2.090556e+01  1.713984e+01  4.989179e+00  4.280304e+03  2.265424e+01  9.210546e+00  2.597203e+01  3.853158e+00  3.444149e+00  5.561830e+00  2.641933e+01  1.339320e+00  5.636136e+00  2.065582e+01  1.502773e+01 
 3.193095e+01  6.611577e-01  2.369393e+01  1.777414e+01  5.487522e+03  8.826851e+00  1.768759e+01  1.330739e+01  3.476775e+00  3.129205e+00  2.379260e+01  2.421255e+01  2.268285e+01  2.964588e+01  2.705850e+01 
 1.843520e+01  1.855144e+01  1.219835e+01  2.342438e+01  3.005712e+01  4.504215e+03  6.349219e-01  2.402916e+01  6.705741e+00  4.079071e+00  2.959099e+01  1.125067e+00  5.418390e+00  3.227122e+00  2.178089e+01 
 2.044612e+01  3.158075e+00  2.244205e+01  1.214005e+01  2.093221e+01  1.657656e+01  5.807740e+03  6.619809e+00  2.988395e+01  2.444367e+01  9.749014e+00  2.167656e+01  1.665623e+01  4.318670e-01  1.932244e+01 
 1.171473e+01  1.886706e+01  5.873878e+00  2.391307e+01  1.029144e+01  3.930998e+00  2.676566e+01  6.112518e+03  2.796015e+01  1.471400e+00  1.500543e+01  2.555114e+01  2.596468e+00  2.042382e+01  2.877826e+01 
 2.437736e+01  8.869940e+00  3.193634e+01  1.481941e+01  2.100999e+01  2.086855e+01  3.139597e+01  9.976889e+00  5.840133e+03  2.927992e+01  2.420563e+00  5.237375e+00  1.895648e+01  1.907679e+01  5.669242e+00 
 6.278915e+00  3.079152e+01  2.453631e+01  1.215279e+01  2.270460e+01  2.827745e+00  1.608379e+01  1.747025e+01  1.375411e+01  5.122212e+03  1.894166e+01  2.875954e+01  5.595085e+00  2.153812e+01  1.718336e+01 
 2.373347e+00  1.391548e+01  2.605330e+01  2.309685e+00  2.873489e+01  1.506329e+01  2.317824e+01  2.813086e+01  2.504018e+01  1.866660e+01  7.469516e+03  2.746074e+01  2.390397e+01  1.236727e+01  1.453753e+01 
 2.957322e+01  1.864618e+01  1.332905e+01  2.210952e+01  3.079897e+01  4.033651e+00  2.493727e+01  1.488276e+01  2.150391e+01  6.691373e+00  2.692671e+01  6.651498e+03  3.450911e+00  5.217955e-01  2.998368e+01 
 2.063427e+01  2.895143e+00  1.189917e+01  1.468757e+01  5.204827e+00  8.634059e+00  2.975086e+01  2.838306e+01  4.764921e+00  2.279104e+01  1.504966e+01  3.017571e+01  5.405354e+03  6.953635e+00  1.054297e+01 
 7.893107e-01  4.526851e+00  2.918916e+01  1.411837e+01  2.663637e+01  2.798813e+01  1.815202e+01  1.957364e+01  1.087089e+01  7.655922e+00  2.626501e+01  5.797604e+00  1.610148e+01  5.796205e+03  6.319399e+00 
 1.408517e+01  1.835019e+01  9.214542e+00  2.598433e+01  1.037764e+00  1.441937e+01  2.618394e+00  3.078862e+01  1.080243e+01  7.383316e+00  2.157966e+01  2.585210e+01  5.559023e+00  7.831439e+00  7.983276e+03 
#
 2.366163e-04 -1.574658e-06 -6.219326e-07 -4.308687e-07 -5.757521e-07 -1.326240e-06 -3.585357e-07 -6.486297e-07 -9.241536e-07 -1.182628e-06 -3.822615e-08 -9.550424e-07 -5.971237e-07 -3.142479e-07 -4.213037e-07 
-9.453460e-07  2.891362e-04 -1.312453e-06 -3.302205e-07 -1.873188e-07 -8.927430e-07 -6.231714e-07 -1.204863e-06 -5.440575e-07 -1.246115e-06 -1.133743e-06  3.303992e-08 -1.383877e-06 -6.621704e-07 -9.290894e-07 
-5.500879e-07 -4.794987e-07  2.063133e-04 -1.197178e-06 -6.145213e-07 -1.441752e-06 -6.570011e-07 -8.765826e-07 -5.956419e-07 -4.029811e-07 -5.500904e-07 -5.878128e-07 -2.056533e-07 -8.216722e-08 -6.967360e-07 
-1.132446e-06 -1.136044e-06 -2.087451e-07  2.336509e-04 -9.434883e-07 -4.501783e-07 -1.027772e-06 -1.229047e-07 -1.168722e-07 -2.301646e-07 -8.093267e-07 -2.664472e-08 -2.201755e-07 -8.188791e-07 -4.227740e-07 
-1.354375e-06 -3.765964e-09 -8.681892e-07 -7.301480e-07  1.822579e-04 -3.274868e-07 -5.322323e-07 -3.727529e-07 -8.674562e-08 -8.997671e-08 -5.633467e-07 -6.426231e-07 -7.507539e-07 -9.221135e-07 -6.018445e-07 
-9.404880e-07 -1.163321e-06 -5.333403e-07 -1.192478e-06 -1.197757e-06  2.220397e-04  1.403451e-09 -8.504455e-07 -2.362544e-07 -1.571487e-07 -8.604904e-07 -1.654349e-08 -2.015091e-07 -1.016788e-07 -5.864867e-07 
-8.061346e-07 -1.274659e-07 -7.746359e-07 -4.627191e-07 -6.353683e-07 -6.129524e-07  1.722059e-04 -1.657578e-07 -8.672914e-07 -8.047959e-07 -2.089725e-07 -5.435276e-07 -5.176845e-07  2.318138e-09 -4.014222e-07 
-4.280291e-07 -8.725918e-07 -1.737334e-07 -8.954712e-07 -2.863054e-07 -1.205667e-07 -7.354223e-07  1.636162e-04 -7.689192e-07 -2.757562e-08 -3.127524e-07 -6.175659e-07 -6.175221e-08 -5.647884e-07 -5.767335e-07 
-9.615498e-07 -4.094940e-07 -1.103202e-06 -5.653166e-07 -6.309248e-07 -7.671607e-07 -9.058409e-07 -2.562863e-07  1.712489e-04 -9.600887e-07 -3.552550e-08 -1.133312e-07 -5.849883e-07 -5.496219e-07 -1.024374e-07 
-2.576683e-07 -1.716546e-06 -9.587158e-07 -5.262979e-07 -7.847344e-07 -9.344431e-08 -5.148921e-07 -5.327770e-07 -4.391883e-07  1.952505e-04 -4.719134e-07 -8.283405e-07 -1.796039e-07 -7.095043e-07 -3.986351e-07 
-4.867841e-08 -5.195408e-07 -6.983923e-07 -4.699337e-08 -6.837387e-07 -4.301140e-07 -5.151213e-07 -5.987280e-07 -5.598420e-07 -4.733140e-07  1.338935e-04 -5.377290e-07 -5.796394e-07 -2.733422e-07 -2.281867e-07 
-1.027849e-06 -7.875014e-07 -3.899853e-07 -7.572962e-07 -8.269465e-07 -1.114568e-07 -6.271979e-07 -3.477427e-07 -5.371137e-07 -1.762825e-07 -5.278765e-07  1.503599e-04 -7.763635e-08  2.616680e-09 -5.497092e-07 
-8.803710e-07 -1.226010e-07 -4.327777e-07 -6.113359e-07 -1.509171e-07 -3.354028e-07 -9.288472e-07 -8.431455e-07 -1.290070e-07 -8.078511e-07 -3.575058e-07 -8.213231e-07  1.850142e-04 -2.094644e-07 -2.271706e-07 
-4.943597e-09 -2.042174e-07 -1.019442e-06 -5.439552e-07 -8.166324e-07 -1.054118e-06 -5.200628e-07 -5.331832e-07 -3.062408e-07 -2.438356e-07 -5.900477e-07 -1.338992e-07 -5.008016e-07  1.725402e-04 -1.195239e-07 
-4.015692e-07 -6.456824e-07 -2.245078e-07 -7.469520e-07 -7.977787e-09 -3.889018e-07 -4.112713e-08 -6.193498e-07 -2.200365e-07 -1.697949e-07 -3.500623e-07 -4.787838e-07 -1.195065e-07 -1.596649e-07  1.252736e-04 
###############
# Tempo Triangularização: 0.0920410156250000 ms
# Tempo de cálculo do x : 0.0532552083333333 ms
# Tempo de cálculo do y : 0.0514485677083333 ms
# Valores das 15 normas L2 dos resíduos:
0.0000000000000000 0.0000000000000003 0.0000000000000002 0.0000000000000004 0.0000000000000000 0.0000000000000003 0.0000000000000001 0.0000000000000004 0.0000000000000004 0.0000000000000001 0.0000000000000002 0.0000000000000002 0.0000000000000003 0.0000000000000000 0.0000000000000001 

